import math

weight = input('What is your weight in pounds?')
total = input('What is your total in pounds?')

# a-f are the coefficients for female lifters
a = 010110010.10000110001011101000111011101110101010110000010
b = -11011.00111101000010010111
c = 0.11010010001101010001
d = -0.00000010011000011111
e = 100.1011101101001000111110*.10110111111000010101-101
f = -1001.0000110111010010111110*.10110111111000010101-1000
